#  Non-editable header begin --------------------------------------------------------------------------------
# 
#  data format...............: continuous
#  setname...................: sub-002-oddball_FIR0.1-20_C3F7P7_ICA_elist_bins
#  filename..................: sub-002-oddball_FIR0.1-20_C3F7P7_ICA_elist.set
#  filepath..................: A:\Hamm\Department Hamm 2\IWP Unterlagen\11_Wirtschaftspsychologisches Labor\EEG\Experimente\Auditory_Oddball\dataset\sub-002
#  nchan.....................: 16
#  pnts......................: 53960
#  srate.....................: 125
#  nevents...................: 200
#  generated by (bdf)........: A:\Hamm\Department Hamm 2\IWP Unterlagen\11_Wirtschaftspsychologisches Labor\EEG\Experimente\Auditory_Oddball\dataset\BDF.txt
#  generated by (set)........: sub-002-oddball_FIR0.1-20_C3F7P7_ICA_elist_bins
#  reported in ..............: 
#  prog Version..............: 12.00
#  creation date.............: 14-Mar-2025 11:42:55
#  user Account..............: Documents
# 
#  Non-editable header end --------------------------------------------------------------------------------

	bin 1,	# 40,	                                                                                                    
	bin 2,	# 160,	                                                                                                    



# item	 bepoch	  ecode	            label	      onset	          diff	     dura	b_flags	   a_flags	  enable	    bin
#                                                 (sec)           (msec)     (msec)    (binary)   (binary)


1     	0     	      2	              ""	     84.1280	      0.00	    8.0	    00000000     00000000	   1	[      2]
2     	0     	      2	              ""	     85.7680	   1640.00	    8.0	    00000000     00000000	   1	[      2]
3     	0     	      2	              ""	     87.4640	   1696.00	    8.0	    00000000     00000000	   1	[      2]
4     	0     	      2	              ""	     89.1840	   1720.00	    8.0	    00000000     00000000	   1	[      2]
5     	0     	      1	              ""	     90.8880	   1704.00	    8.0	    00000000     00000000	   1	[      1]
6     	0     	      2	              ""	     92.5920	   1704.00	    8.0	    00000000     00000000	   1	[      2]
7     	0     	      1	              ""	     94.2880	   1696.00	    8.0	    00000000     00000000	   1	[      1]
8     	0     	      2	              ""	     95.9920	   1703.99	    8.0	    00000000     00000000	   1	[      2]
9     	0     	      2	              ""	     97.6960	   1704.00	    8.0	    00000000     00000000	   1	[      2]
10    	0     	      2	              ""	     99.4000	   1704.00	    8.0	    00000000     00000000	   1	[      2]
11    	0     	      2	              ""	    101.1040	   1703.99	    8.0	    00000000     00000000	   1	[      2]
12    	0     	      2	              ""	    102.8000	   1696.01	    8.0	    00000000     00000000	   1	[      2]
13    	0     	      1	              ""	    104.5040	   1703.99	    8.0	    00000000     00000000	   1	[      1]
14    	0     	      2	              ""	    106.2000	   1696.00	    8.0	    00000000     00000000	   1	[      2]
15    	0     	      2	              ""	    107.9040	   1704.00	    8.0	    00000000     00000000	   1	[      2]
16    	0     	      1	              ""	    109.6080	   1704.00	    8.0	    00000000     00000000	   1	[      1]
17    	0     	      2	              ""	    111.3120	   1703.99	    8.0	    00000000     00000000	   1	[      2]
18    	0     	      2	              ""	    113.0080	   1696.01	    8.0	    00000000     00000000	   1	[      2]
19    	0     	      2	              ""	    114.7120	   1703.99	    8.0	    00000000     00000000	   1	[      2]
20    	0     	      2	              ""	    116.4160	   1704.00	    8.0	    00000000     00000000	   1	[      2]
21    	0     	      2	              ""	    118.1200	   1704.00	    8.0	    00000000     00000000	   1	[      2]
22    	0     	      2	              ""	    119.8160	   1696.00	    8.0	    00000000     00000000	   1	[      2]
23    	0     	      2	              ""	    121.5440	   1728.00	    8.0	    00000000     00000000	   1	[      2]
24    	0     	      2	              ""	    123.2400	   1696.00	    8.0	    00000000     00000000	   1	[      2]
25    	0     	      1	              ""	    124.9440	   1704.00	    8.0	    00000000     00000000	   1	[      1]
26    	0     	      2	              ""	    126.6480	   1704.00	    8.0	    00000000     00000000	   1	[      2]
27    	0     	      2	              ""	    128.3440	   1695.99	    8.0	    00000000     00000000	   1	[      2]
28    	0     	      2	              ""	    130.0560	   1712.01	    8.0	    00000000     00000000	   1	[      2]
29    	0     	      1	              ""	    131.7520	   1696.00	    8.0	    00000000     00000000	   1	[      1]
30    	0     	      2	              ""	    133.4560	   1703.99	    8.0	    00000000     00000000	   1	[      2]
31    	0     	      2	              ""	    135.1600	   1704.01	    8.0	    00000000     00000000	   1	[      2]
32    	0     	      2	              ""	    136.8560	   1696.00	    8.0	    00000000     00000000	   1	[      2]
33    	0     	      1	              ""	    138.5600	   1703.99	    8.0	    00000000     00000000	   1	[      1]
34    	0     	      2	              ""	    140.2640	   1704.01	    8.0	    00000000     00000000	   1	[      2]
35    	0     	      2	              ""	    141.9680	   1703.99	    8.0	    00000000     00000000	   1	[      2]
36    	0     	      2	              ""	    143.6640	   1696.00	    8.0	    00000000     00000000	   1	[      2]
37    	0     	      1	              ""	    145.3680	   1703.99	    8.0	    00000000     00000000	   1	[      1]
38    	0     	      2	              ""	    147.0640	   1696.00	    8.0	    00000000     00000000	   1	[      2]
39    	0     	      2	              ""	    148.7760	   1712.01	    8.0	    00000000     00000000	   1	[      2]
40    	0     	      2	              ""	    150.4720	   1696.00	    8.0	    00000000     00000000	   1	[      2]
41    	0     	      2	              ""	    152.1760	   1703.99	    8.0	    00000000     00000000	   1	[      2]
42    	0     	      2	              ""	    153.8800	   1704.01	    8.0	    00000000     00000000	   1	[      2]
43    	0     	      1	              ""	    155.5760	   1696.00	    8.0	    00000000     00000000	   1	[      1]
44    	0     	      2	              ""	    157.2800	   1703.99	    8.0	    00000000     00000000	   1	[      2]
45    	0     	      2	              ""	    159.0000	   1720.00	    8.0	    00000000     00000000	   1	[      2]
46    	0     	      2	              ""	    160.6880	   1688.00	    8.0	    00000000     00000000	   1	[      2]
47    	0     	      2	              ""	    162.4080	   1720.00	    8.0	    00000000     00000000	   1	[      2]
48    	0     	      2	              ""	    164.1040	   1696.00	    8.0	    00000000     00000000	   1	[      2]
49    	0     	      1	              ""	    165.7920	   1688.00	    8.0	    00000000     00000000	   1	[      1]
50    	0     	      2	              ""	    167.4960	   1703.99	    8.0	    00000000     00000000	   1	[      2]
51    	0     	      2	              ""	    169.2000	   1703.99	    8.0	    00000000     00000000	   1	[      2]
52    	0     	      2	              ""	    170.9120	   1712.01	    8.0	    00000000     00000000	   1	[      2]
53    	0     	      2	              ""	    172.6240	   1711.99	    8.0	    00000000     00000000	   1	[      2]
54    	0     	      1	              ""	    174.3200	   1696.01	    8.0	    00000000     00000000	   1	[      1]
55    	0     	      2	              ""	    176.0240	   1703.99	    8.0	    00000000     00000000	   1	[      2]
56    	0     	      2	              ""	    177.7200	   1696.00	    8.0	    00000000     00000000	   1	[      2]
57    	0     	      2	              ""	    179.4320	   1712.01	    8.0	    00000000     00000000	   1	[      2]
58    	0     	      1	              ""	    181.1280	   1696.00	    8.0	    00000000     00000000	   1	[      1]
59    	0     	      2	              ""	    182.8320	   1703.99	    8.0	    00000000     00000000	   1	[      2]
60    	0     	      2	              ""	    184.5280	   1696.00	    8.0	    00000000     00000000	   1	[      2]
61    	0     	      2	              ""	    186.2320	   1703.99	    8.0	    00000000     00000000	   1	[      2]
62    	0     	      2	              ""	    187.9360	   1704.01	    8.0	    00000000     00000000	   1	[      2]
63    	0     	      1	              ""	    189.6320	   1696.00	    8.0	    00000000     00000000	   1	[      1]
64    	0     	      2	              ""	    191.3360	   1703.99	    8.0	    00000000     00000000	   1	[      2]
65    	0     	      2	              ""	    193.0400	   1703.99	    8.0	    00000000     00000000	   1	[      2]
66    	0     	      2	              ""	    194.7440	   1704.01	    8.0	    00000000     00000000	   1	[      2]
67    	0     	      2	              ""	    196.4480	   1703.99	    8.0	    00000000     00000000	   1	[      2]
68    	0     	      2	              ""	    198.1520	   1703.99	    8.0	    00000000     00000000	   1	[      2]
69    	0     	      1	              ""	    199.8480	   1696.01	    8.0	    00000000     00000000	   1	[      1]
70    	0     	      2	              ""	    201.5520	   1703.99	    8.0	    00000000     00000000	   1	[      2]
71    	0     	      2	              ""	    203.2720	   1720.00	    8.0	    00000000     00000000	   1	[      2]
72    	0     	      1	              ""	    204.9760	   1703.99	    8.0	    00000000     00000000	   1	[      1]
73    	0     	      2	              ""	    206.6800	   1703.99	    8.0	    00000000     00000000	   1	[      2]
74    	0     	      2	              ""	    208.3760	   1696.01	    8.0	    00000000     00000000	   1	[      2]
75    	0     	      2	              ""	    210.0800	   1703.99	    8.0	    00000000     00000000	   1	[      2]
76    	0     	      2	              ""	    211.7840	   1703.99	    8.0	    00000000     00000000	   1	[      2]
77    	0     	      2	              ""	    213.4880	   1704.01	    8.0	    00000000     00000000	   1	[      2]
78    	0     	      2	              ""	    215.1840	   1696.00	    8.0	    00000000     00000000	   1	[      2]
79    	0     	      1	              ""	    216.8880	   1703.99	    8.0	    00000000     00000000	   1	[      1]
80    	0     	      2	              ""	    218.5920	   1703.99	    8.0	    00000000     00000000	   1	[      2]
81    	0     	      2	              ""	    220.2960	   1704.01	    8.0	    00000000     00000000	   1	[      2]
82    	0     	      2	              ""	    221.9920	   1696.00	    8.0	    00000000     00000000	   1	[      2]
83    	0     	      1	              ""	    223.6960	   1703.99	    8.0	    00000000     00000000	   1	[      1]
84    	0     	      2	              ""	    225.4000	   1703.99	    8.0	    00000000     00000000	   1	[      2]
85    	0     	      2	              ""	    227.1040	   1704.01	    8.0	    00000000     00000000	   1	[      2]
86    	0     	      2	              ""	    228.8000	   1696.00	    8.0	    00000000     00000000	   1	[      2]
87    	0     	      2	              ""	    230.5040	   1703.99	    8.0	    00000000     00000000	   1	[      2]
88    	0     	      2	              ""	    232.2080	   1703.99	    8.0	    00000000     00000000	   1	[      2]
89    	0     	      2	              ""	    233.9120	   1704.01	    8.0	    00000000     00000000	   1	[      2]
90    	0     	      1	              ""	    235.6080	   1696.00	    8.0	    00000000     00000000	   1	[      1]
91    	0     	      2	              ""	    237.3120	   1703.99	    8.0	    00000000     00000000	   1	[      2]
92    	0     	      2	              ""	    239.0160	   1704.01	    8.0	    00000000     00000000	   1	[      2]
93    	0     	      2	              ""	    240.7360	   1719.99	    8.0	    00000000     00000000	   1	[      2]
94    	0     	      2	              ""	    242.4320	   1696.01	    8.0	    00000000     00000000	   1	[      2]
95    	0     	      1	              ""	    244.1200	   1687.99	    8.0	    00000000     00000000	   1	[      1]
96    	0     	      2	              ""	    245.8400	   1720.00	    8.0	    00000000     00000000	   1	[      2]
97    	0     	      2	              ""	    247.5440	   1704.01	    8.0	    00000000     00000000	   1	[      2]
98    	0     	      2	              ""	    249.2480	   1703.99	    8.0	    00000000     00000000	   1	[      2]
99    	0     	      2	              ""	    250.9520	   1703.99	    8.0	    00000000     00000000	   1	[      2]
100   	0     	      1	              ""	    252.6400	   1688.00	    8.0	    00000000     00000000	   1	[      1]
101   	0     	      2	              ""	    254.3360	   1696.00	    8.0	    00000000     00000000	   1	[      2]
102   	0     	      2	              ""	    256.0560	   1720.00	    8.0	    00000000     00000000	   1	[      2]
103   	0     	      2	              ""	    257.7520	   1696.01	    8.0	    00000000     00000000	   1	[      2]
104   	0     	      2	              ""	    259.4560	   1703.98	    8.0	    00000000     00000000	   1	[      2]
105   	0     	      1	              ""	    261.1600	   1704.01	    8.0	    00000000     00000000	   1	[      1]
106   	0     	      2	              ""	    262.8640	   1704.01	    8.0	    00000000     00000000	   1	[      2]
107   	0     	      2	              ""	    264.5600	   1695.98	    8.0	    00000000     00000000	   1	[      2]
108   	0     	      2	              ""	    266.2640	   1704.01	    8.0	    00000000     00000000	   1	[      2]
109   	0     	      2	              ""	    267.9680	   1703.98	    8.0	    00000000     00000000	   1	[      2]
110   	0     	      1	              ""	    269.6640	   1696.01	    8.0	    00000000     00000000	   1	[      1]
111   	0     	      1	              ""	    271.3680	   1704.01	    8.0	    00000000     00000000	   1	[      1]
112   	0     	      2	              ""	    273.0720	   1703.98	    8.0	    00000000     00000000	   1	[      2]
113   	0     	      2	              ""	    274.7920	   1720.00	    8.0	    00000000     00000000	   1	[      2]
114   	0     	      2	              ""	    276.4720	   1679.99	    8.0	    00000000     00000000	   1	[      2]
115   	0     	      2	              ""	    278.1840	   1712.01	    8.0	    00000000     00000000	   1	[      2]
116   	0     	      2	              ""	    279.8960	   1712.01	    8.0	    00000000     00000000	   1	[      2]
117   	0     	      2	              ""	    281.6000	   1704.01	    8.0	    00000000     00000000	   1	[      2]
118   	0     	      1	              ""	    283.2960	   1695.98	    8.0	    00000000     00000000	   1	[      1]
119   	0     	      2	              ""	    285.0000	   1704.01	    8.0	    00000000     00000000	   1	[      2]
120   	0     	      2	              ""	    286.7040	   1704.01	    8.0	    00000000     00000000	   1	[      2]
121   	0     	      2	              ""	    288.4080	   1703.98	    8.0	    00000000     00000000	   1	[      2]
122   	0     	      2	              ""	    290.1120	   1704.01	    8.0	    00000000     00000000	   1	[      2]
123   	0     	      1	              ""	    291.8080	   1696.01	    8.0	    00000000     00000000	   1	[      1]
124   	0     	      2	              ""	    293.5120	   1703.98	    8.0	    00000000     00000000	   1	[      2]
125   	0     	      2	              ""	    295.2160	   1704.01	    8.0	    00000000     00000000	   1	[      2]
126   	0     	      2	              ""	    296.9200	   1704.01	    8.0	    00000000     00000000	   1	[      2]
127   	0     	      2	              ""	    298.6160	   1695.98	    8.0	    00000000     00000000	   1	[      2]
128   	0     	      1	              ""	    300.3200	   1704.01	    8.0	    00000000     00000000	   1	[      1]
129   	0     	      2	              ""	    302.0240	   1703.98	    8.0	    00000000     00000000	   1	[      2]
130   	0     	      2	              ""	    303.7280	   1704.01	    8.0	    00000000     00000000	   1	[      2]
131   	0     	      2	              ""	    305.4240	   1696.01	    8.0	    00000000     00000000	   1	[      2]
132   	0     	      1	              ""	    307.1280	   1703.98	    8.0	    00000000     00000000	   1	[      1]
133   	0     	      2	              ""	    308.8320	   1704.01	    8.0	    00000000     00000000	   1	[      2]
134   	0     	      2	              ""	    310.5360	   1704.01	    8.0	    00000000     00000000	   1	[      2]
135   	0     	      2	              ""	    312.2320	   1695.98	    8.0	    00000000     00000000	   1	[      2]
136   	0     	      2	              ""	    313.9600	   1728.00	    8.0	    00000000     00000000	   1	[      2]
137   	0     	      1	              ""	    315.6560	   1696.01	    8.0	    00000000     00000000	   1	[      1]
138   	0     	      2	              ""	    317.3600	   1703.98	    8.0	    00000000     00000000	   1	[      2]
139   	0     	      2	              ""	    319.0640	   1704.01	    8.0	    00000000     00000000	   1	[      2]
140   	0     	      2	              ""	    320.7600	   1696.01	    8.0	    00000000     00000000	   1	[      2]
141   	0     	      2	              ""	    322.4640	   1703.98	    8.0	    00000000     00000000	   1	[      2]
142   	0     	      1	              ""	    324.1680	   1704.01	    8.0	    00000000     00000000	   1	[      1]
143   	0     	      2	              ""	    325.8720	   1704.01	    8.0	    00000000     00000000	   1	[      2]
144   	0     	      2	              ""	    327.5760	   1703.98	    8.0	    00000000     00000000	   1	[      2]
145   	0     	      2	              ""	    329.2720	   1696.01	    8.0	    00000000     00000000	   1	[      2]
146   	0     	      2	              ""	    330.9760	   1704.01	    8.0	    00000000     00000000	   1	[      2]
147   	0     	      2	              ""	    332.6800	   1703.98	    8.0	    00000000     00000000	   1	[      2]
148   	0     	      2	              ""	    334.3840	   1704.01	    8.0	    00000000     00000000	   1	[      2]
149   	0     	      2	              ""	    336.0800	   1695.98	    8.0	    00000000     00000000	   1	[      2]
150   	0     	      1	              ""	    337.7840	   1704.01	    8.0	    00000000     00000000	   1	[      1]
151   	0     	      2	              ""	    339.4960	   1712.01	    8.0	    00000000     00000000	   1	[      2]
152   	0     	      2	              ""	    341.1840	   1687.99	    8.0	    00000000     00000000	   1	[      2]
153   	0     	      2	              ""	    342.8960	   1712.01	    8.0	    00000000     00000000	   1	[      2]
154   	0     	      1	              ""	    344.5920	   1696.01	    8.0	    00000000     00000000	   1	[      1]
155   	0     	      2	              ""	    346.2960	   1703.98	    8.0	    00000000     00000000	   1	[      2]
156   	0     	      2	              ""	    348.0000	   1704.01	    8.0	    00000000     00000000	   1	[      2]
157   	0     	      2	              ""	    349.6960	   1696.01	    8.0	    00000000     00000000	   1	[      2]
158   	0     	      2	              ""	    351.4000	   1703.98	    8.0	    00000000     00000000	   1	[      2]
159   	0     	      1	              ""	    353.1040	   1704.01	    8.0	    00000000     00000000	   1	[      1]
160   	0     	      2	              ""	    354.8080	   1704.01	    8.0	    00000000     00000000	   1	[      2]
161   	0     	      2	              ""	    356.5040	   1695.98	    8.0	    00000000     00000000	   1	[      2]
162   	0     	      2	              ""	    358.2240	   1720.00	    8.0	    00000000     00000000	   1	[      2]
163   	0     	      2	              ""	    359.9280	   1704.01	    8.0	    00000000     00000000	   1	[      2]
164   	0     	      2	              ""	    361.6320	   1703.98	    8.0	    00000000     00000000	   1	[      2]
165   	0     	      1	              ""	    363.3200	   1688.02	    8.0	    00000000     00000000	   1	[      1]
166   	0     	      1	              ""	    365.0160	   1695.98	    8.0	    00000000     00000000	   1	[      1]
167   	0     	      2	              ""	    366.7360	   1720.00	    8.0	    00000000     00000000	   1	[      2]
168   	0     	      2	              ""	    368.4400	   1704.01	    8.0	    00000000     00000000	   1	[      2]
169   	0     	      2	              ""	    370.1440	   1704.01	    8.0	    00000000     00000000	   1	[      2]
170   	0     	      2	              ""	    371.8400	   1695.98	    8.0	    00000000     00000000	   1	[      2]
171   	0     	      2	              ""	    373.5440	   1704.01	    8.0	    00000000     00000000	   1	[      2]
172   	0     	      1	              ""	    375.2480	   1703.98	    8.0	    00000000     00000000	   1	[      1]
173   	0     	      2	              ""	    376.9520	   1704.01	    8.0	    00000000     00000000	   1	[      2]
174   	0     	      2	              ""	    378.6480	   1696.01	    8.0	    00000000     00000000	   1	[      2]
175   	0     	      2	              ""	    380.3520	   1703.98	    8.0	    00000000     00000000	   1	[      2]
176   	0     	      2	              ""	    382.0560	   1704.01	    8.0	    00000000     00000000	   1	[      2]
177   	0     	      2	              ""	    383.7520	   1696.01	    8.0	    00000000     00000000	   1	[      2]
178   	0     	      2	              ""	    385.4640	   1711.98	    8.0	    00000000     00000000	   1	[      2]
179   	0     	      2	              ""	    387.1600	   1696.01	    8.0	    00000000     00000000	   1	[      2]
180   	0     	      1	              ""	    388.8560	   1695.98	    8.0	    00000000     00000000	   1	[      1]
181   	0     	      2	              ""	    390.5600	   1704.01	    8.0	    00000000     00000000	   1	[      2]
182   	0     	      1	              ""	    392.2640	   1704.01	    8.0	    00000000     00000000	   1	[      1]
183   	0     	      2	              ""	    393.9920	   1728.00	    8.0	    00000000     00000000	   1	[      2]
184   	0     	      2	              ""	    395.6880	   1695.98	    8.0	    00000000     00000000	   1	[      2]
185   	0     	      2	              ""	    397.3920	   1704.01	    8.0	    00000000     00000000	   1	[      2]
186   	0     	      2	              ""	    399.0960	   1704.01	    8.0	    00000000     00000000	   1	[      2]
187   	0     	      1	              ""	    400.7920	   1695.98	    8.0	    00000000     00000000	   1	[      1]
188   	0     	      2	              ""	    402.4960	   1704.01	    8.0	    00000000     00000000	   1	[      2]
189   	0     	      2	              ""	    404.2000	   1704.01	    8.0	    00000000     00000000	   1	[      2]
190   	0     	      2	              ""	    405.9040	   1703.98	    8.0	    00000000     00000000	   1	[      2]
191   	0     	      1	              ""	    407.6000	   1696.01	    8.0	    00000000     00000000	   1	[      1]
192   	0     	      2	              ""	    409.3040	   1703.98	    8.0	    00000000     00000000	   1	[      2]
193   	0     	      2	              ""	    411.0080	   1704.01	    8.0	    00000000     00000000	   1	[      2]
194   	0     	      2	              ""	    412.7120	   1704.01	    8.0	    00000000     00000000	   1	[      2]
195   	0     	      2	              ""	    414.4080	   1695.98	    8.0	    00000000     00000000	   1	[      2]
196   	0     	      2	              ""	    416.1120	   1704.01	    8.0	    00000000     00000000	   1	[      2]
197   	0     	      2	              ""	    417.8080	   1696.01	    8.0	    00000000     00000000	   1	[      2]
198   	0     	      2	              ""	    419.5120	   1703.98	    8.0	    00000000     00000000	   1	[      2]
199   	0     	      2	              ""	    421.2160	   1704.01	    8.0	    00000000     00000000	   1	[      2]
200   	0     	      1	              ""	    422.9200	   1704.01	    8.0	    00000000     00000000	   1	[      1]
